3252572
6454606
9708644
9487603
4897801
6587511
6525569
6954892
7382133
2165063
1535698
4617744
6006268
9855626
373494
1106728
179555
9974315
2425631
2169612
1923321
4322620
637261
9289894
6240328
8935701
2046733
1530347
7104810
7864
1602370
2854845
4231961
3032634
7111888
3576920
1261179
282539
8521130
1865067
6739269
5302130
5052806
5357153
3230959
1035564
3277799
641016
3075823
7799195
1791333
1800563
1494512
6818692
1071112
72517
1660697
3437664
3488680
4216266
5035011
1453055
8706222
3221321
5074084
3716005
6331513
4376582
6961373
9782540
6496460
2925914
4005734
9712635
3500804
4477996
5042249
1069312
3932922
9428730
4205497
5588842
9560017
6240281
579505
2330392
8339453
5066329
9812951
8774156
6543413
561041
5616343
4116663
1396835
5553188
8039203
1217483
3823857
1890149