1565130
6581193
3191516
9895540
7460133
8190176
8910464
6386869
3826357
9098285
9534022
9024813
9634834
2040240
3545247
5553383
7023253
3310203
8827325
5304735
5794628
1019201
7996061
2138666
5912842
3001668
6732872
4044487
4055620
7835772
7384057
2491417
6341147
4543450
8919189
5111051
664211
3241876
6935386
8953828
1364931
2217685
9280612
7616142
3657892
1609865
6220028
8152571
6061936
643771
1753016
769063
5456295
4521747
4342495
6826346
2114553
2424508
4538270
1755625
8387885
6360898
7134791
9709672
4215437
2003109
3824486
5084947
7022802
1067195
4639346
9946374
8652194
8096122
4845591
7179415
745582
3409191
4160746
9989746
3864236
3857244
477468
2296088
9327073
9039521
493749
493113
1529965
68419
8418024
4486433
7675021
823598
2222111
618830
6627975
2399221
9981648
8213371
6235468
1346815
1116430
263379
5230765
7844366
6924363
4714349
8956197
344384
488419
6764275
5255090
2794548
5175880
5087882
9895231
3777665
3571428
2211817
2590207
8776626
9699154
3332953
7705500
6764723
5371066
2164896
7767471
4225818
3009275
1164154
7718603
4651697
1694152
3864246
3530206
6432884
8962951
4828596
1442468
6175124
4019991
7571397
7651458
6666476
177493
9780214
6488674
1933700
9194061
5657899
1071435
7347806
1988508
1248208
9870402
704386
7409817
9422484
544986
1738217
7492903
1637177
1504388
9550653
2281838
2659280
3625572
9782125
5780108
3574997
6021121
780267
5173152
8175636
6698622
7871759
6104987
1020053
2845124
9069407
5836506
961904
250662
197872
8027666
7576087
5896260
8156198
4969752
2097222
6103673
8902433
8585968
2933992
3117192
1430729
5313292
9529287
2903755
3309948
9022270
5080228
3516605
9539605
5191522
9561608
1344967
520930
8369347
5083850
7830857
990501
4401467
377961
1904231
4523411
7470279
8473504
2631108
5468292
9187363
9300512
216594
3409743
730227
6873802
3029367
7919756
8696943
8088262
7318764
8324165
6938340
4729994
9886817
6564596
8495831
2280030
9675170
8116444
1213120
9762482
7765052
8523579
8191271
8872958
6168546
3531522
4246007
8969442
2591384
5986494
3021293
9077464
1797560
3322548
4354894
5171941
4817135
1180019
3974295
4593862
9107188
1537529
3728412
441174
7271734
6715997
8734615
2322274
2199070
4630721
6698908
3725340
4533216
7282303
2435353
1769753
2073119
1712623
415107
2568217
3130748
2136664
3099269
4576198
7508520
4065765
2938590
9418689
3946348
7380504
8363722
5941076
1441772
6453023
9573154
9205904
7312584
5621342
4452279
118400
1367652
1063303
9233454
7811629
3344669
7981291
7429914
3794461
6031045
4352675
5470622
5678892
290797
3185180
1077291
7277473
525425
3436534
7937510
3990448
7864642
2287944
4711331
9074273
5778332
5113815
700750
7304143
9216477
7850171
8649231
8927447
4811406
2407677
1568331
5041176
741623
3870804
7684208
874753
6938272
3232967
1919798
3646162
7779728
3422117
9706415
5959718
3978035
3922636
5049016
6281442
5914379
5602812
3547015
1827693
9104318
6901639
4289738
7946435
5961374
8907130
4004947
8119684
8666158
1113258
1588941
9905380
7196548
3136464
7172165
5800127
124732
2040923
5030087
7837751
1063139
5076727
5497156
943410
3227612
9337624
3480903
7622146
1688419
9018707
376462
6301953
66433
2578776
8811953
8230038
1052804
8317533
1296313
3041523
3804664
5468177
3059311
713616
1855458
7374590
9072192
213539
5677234
3739637
8720797
5096309
5271142
6425494
7096741
5727997
2889829
3356634
9222244
5034360
8158921
2991832
7798843
6424055
5730909
6083145
2154261
7212517
2516180
1133087
267625
198703
7028359
9459434
6935307
2737477
9852411
2560236
6655389
3730786
3494715
4175764
833064
7125074
8023367
7345716
592438
6526679
8075423
4225226
9452612
3458778
658389
3208618
6462132
5510284
1088177
1803064
1130091
8072702
543813
581556
5650104
7427438
4488768
4492170
8226798
7958060
4268958
4140451
9598933
97455
4064708
1527034
1140022
2494207
3061690
5519152
7797063
1185182
865783
5522322
8058533
9105042
7605207
8420791
2816555
7314597
6028064
3558336
4588691
6441640
8187738
9600200
98702
6380815
3749092
4497039
8372359
5438857
8453237
8359857
3229967
6472269
7684898
7975483
3839484
5794544
6993920
6269486
6980224
2372588
4348973
785731
6280062
2757874
5880384
2667620
3376761
4060678
1837670
2567890
6917422
7531424
8641105
2846056
8674470
2898565
1622978
4663830
3741513
9098091
3247720
1275253
8433125
264826
7295468
3571902
6088640
8929459
2267367
6239607
8182623
3777738
417525
3938569
6180010
3327661
6914483
4372378
1144761
6318946
1626752
3295867
2772873
3168839
4559828
24266
5292786
699191
1279358
1730892
1791355
8267430
3428662
8587320
750558
943194
6913079
3053134
8290538
6295481
6054089
7383386
1976910
8608499
8427430
7388631
4392466
6754714
8779915
7684718
7976391
2275417
7709698
428243
1011064
4004865
6479745
6707423
9249975
2620284
4594991
4680371
5084565
7201030
8133221
629132
9190963
3287554
7331043
1471851
1645976
2704209
2196006
7149526
1641305
9455810
2114618
5908526
4264096
5632858
5913741
7387867
3722039
9678362
8288006
5488681
9171635
9394233
4384098
2897625
6540097
7013626
4429514
1771052
5757651
3591106
6154068
5208850
2072183
9923787
1901313
521662
8011196
9512944
600588
2279146
3506294
5314736
611284
5260003
8504697
6247973
7244793
4927633
3288304
5434491
3378557
4132895
7181675
1037047
6116394
1015452
2972784
1415840
4652468
9865557
9608529
9078068
3551453
685629
7773758
8557867
7905300
5518842
69514
8826309
7751137
853235
2088183
6406086
2095537
5055010
6585376
4091590
7273535
791991
2909201
3990199
9035001
679360
4725966
8712782
471446
9982491
6794124
2143712
4637944
4496815
946442
29904
6531282
5952265
9689159
5910502
4980877
7315861
553856
9678912
5569900
9742726
5473027
9031789
9038753
669856
7102410
7475821
5525920
8822832
4507384
8647210
9844672
3300676
1909812
6316741
8130808
8900462
4039923
715985
3141030
1842515
900616
6689496
7079309
7728325
4969735
2496790
4731523
7897349
1229543
2600449
3124479
7122956
3949113
3314101
7451288
5995228
3468085
2453863
7888471
6661533
1863239
8935139
3415749
6590270
5369289
712735
1013975
4062792
2322258
2084830
2035605
7197393
9454313
2677639
6292293
5828772
5901789
55028
5939557
1319533
8072141
2682254
9999591
6779758
4540017
961133
7439223
4871455
1515321
836826
8122042
3385632
3278133
2763135
4345003
9693639
8455531
5577415
8273985
3501013
2604680
2221579
3699330
8951581
6957674
666047
5949856
3360822
3858375
5352425
7609990
9782815
8290614
2491791
4469425
5600770
5352210
1759473
8411215
8711934
4053484
4686772
4273850
53111
992060
2103757
8631290
2491106
2272482
9558028
1457975
353175
3837743
4134432
1767121
3583234
91215
8523659
7044076
4712671
4590228
2713672
4775180
7360359
9280107
3298550
3688067
5959584
175567
1356254
7862680
3170742
7736389
5237422
9700537
147963
9565831
9750726
2161443
3843793
7396088
35911
9787296
7938691
462181
2918525
3566482
4967549
8782590
313912
1592250
801634
9456132
290573
8142669
9871896
6042786
2370202
8084963
7472014
9466916
3635804
1222215
447406
7274439
4129796
1322781
8186265
2555077
1969824
5977676
4863078
2418421
4278534
7891175
6025320
9643939
7849526
715613
968755
8790200
323288
602507
8633674
7055719
6593704
7803442
2577302
6630237
1588265
7479309
6230140
2485311
7602025
6503585
1218380
1719899
3380019
9052773
831169
5473552
833278
2810182
9216401
4789771
9350229
9555470
6000114
8413961
1345477
9225670
1834920
574780
5938692
3614438
2460508
3442142
1648908
5908456
9784866
7044664
3474937
8672677
2735702
3993438
3677349
3115537
3374380
2537469
8257647
3694022
8727656
386235
8515604
3269324
6148747
9124863
5661371
8258830
3159069
5208042
4478720
7405392
9451108
3691076
9280252
6862848
9648682
2950851
5069273
3061676
5816836
5306221
388061
352531
8184012
5722045
212876
373688
3474571
5779250
5553408
3361851
401618
1857205
9649140
1849016
3470515
1907324
5562737
2428408
5609626
3338263
6879010
6078973
4982497
5064605
730550
4975226
7223600
2179221
7936298
9977122
6131683
1846314
7247567
2053277
2036274
4492484
2336070
8988768
3678743
9425063
7708542
3414775
4047372
7083084
9426899